Operator t+0 actual=Center: (0.17, 0.80, 0.01), Extents: (0.34, 0.81, 0.25) root=(0.00, 0.00, 0.00) scale=(1.00, 1.00, 1.00)
Operator t+0,1 actual=Center: (0.17, 0.80, 0.01), Extents: (0.34, 0.81, 0.25) root=(0.00, 0.00, 0.00) scale=(1.00, 1.00, 1.00)
Operator t+0,5 actual=Center: (0.17, 0.80, 0.01), Extents: (0.34, 0.81, 0.25) root=(0.00, 0.00, 0.00) scale=(1.00, 1.00, 1.00)
  Operator(Clone) (0.00, 0.00, 0.00) rot=(0.00, 0.00, 0.00) scale=(1.00, 1.00, 1.00)
  Visual (0.00, 0.00, 0.00) rot=(0.00, 0.00, 0.00) scale=(1.00, 1.00, 1.00)
  Armature (0.00, 0.00, 0.00) rot=(270.00, 0.00, 0.00) scale=(1.00, 1.00, 1.00)
  Hips (0.14, -0.07, 0.90) rot=(10.88, 347.25, 105.03) scale=(1.00, 1.00, 1.00)
  LeftUpLeg (0.01, 0.12, -0.06) rot=(25.73, 124.97, 300.18) scale=(1.00, 1.00, 1.00)
  LeftLeg (0.00, 0.35, 0.00) rot=(42.68, 358.86, 3.08) scale=(1.00, 1.00, 1.00)
Walker t+0 actual=Center: (0.00, 0.90, -0.02), Extents: (0.71, 0.90, 0.16) root=(0.00, 0.00, 0.00) scale=(1.00, 1.00, 1.00)
Walker t+0,1 actual=Center: (0.00, 0.90, -0.02), Extents: (0.71, 0.90, 0.16) root=(0.00, 0.00, 0.00) scale=(1.00, 1.00, 1.00)
Walker t+0,5 actual=Center: (0.00, 0.90, -0.02), Extents: (0.71, 0.90, 0.16) root=(0.00, 0.00, 0.00) scale=(1.00, 1.00, 1.00)
  Walker(Clone) (0.00, 0.00, 0.00) rot=(0.00, 0.00, 0.00) scale=(1.00, 1.00, 1.00)
  Visual (0.00, 0.00, 0.00) rot=(0.00, 0.00, 0.00) scale=(1.00, 1.00, 1.00)
  Base HumanPelvis (0.00, 0.88, -0.05) rot=(0.00, 270.00, 270.20) scale=(1.00, 1.00, 1.00)
  Base HumanLLegThigh (-0.02, 0.04, 0.08) rot=(0.91, 171.85, 0.83) scale=(1.00, 1.00, 1.00)
  Base HumanLLegCalf (-0.39, 0.00, 0.00) rot=(358.07, 0.04, 12.04) scale=(1.00, 1.00, 1.00)
  Base HumanLLegFoot (-0.44, 0.00, 0.00) rot=(352.35, 10.05, 270.33) scale=(1.00, 1.00, 1.00)
Runner t+0 actual=Center: (0.01, 0.76, 0.13), Extents: (0.45, 0.83, 0.55) root=(0.00, 0.00, 0.00) scale=(1.00, 1.00, 1.00)
Runner t+0,1 actual=Center: (0.01, 0.76, 0.13), Extents: (0.45, 0.83, 0.55) root=(0.00, 0.00, 0.00) scale=(1.00, 1.00, 1.00)
Runner t+0,5 actual=Center: (0.01, 0.76, 0.13), Extents: (0.45, 0.83, 0.55) root=(0.00, 0.00, 0.00) scale=(1.00, 1.00, 1.00)
  Runner(Clone) (0.00, 0.00, 0.00) rot=(0.00, 0.00, 0.00) scale=(1.00, 1.00, 1.00)
  Visual (0.00, 0.00, 0.00) rot=(0.00, 0.00, 0.00) scale=(1.00, 1.00, 1.00)
  Armature (0.00, 0.00, 0.00) rot=(270.00, 0.00, 0.00) scale=(1.00, 1.00, 1.00)
  Hips (0.00, -0.07, 0.88) rot=(66.89, 200.08, 189.09) scale=(1.00, 1.00, 1.00)
  LeftUpLeg (-0.11, -0.11, 0.04) rot=(53.26, 159.84, 161.24) scale=(1.00, 1.00, 1.00)
  LeftLeg (0.00, 0.37, 0.00) rot=(53.46, 154.21, 173.13) scale=(1.00, 1.00, 1.00)
Brute t+0 actual=Center: (0.01, 0.88, 0.15), Extents: (0.58, 0.85, 0.63) root=(0.00, 0.00, 0.00) scale=(1.00, 1.00, 1.00)
Brute t+0,1 actual=Center: (0.01, 0.88, 0.15), Extents: (0.58, 0.85, 0.63) root=(0.00, 0.00, 0.00) scale=(1.00, 1.00, 1.00)
Brute t+0,5 actual=Center: (0.01, 0.88, 0.15), Extents: (0.58, 0.85, 0.63) root=(0.00, 0.00, 0.00) scale=(1.00, 1.00, 1.00)
  Brute(Clone) (0.00, 0.00, 0.00) rot=(0.00, 0.00, 0.00) scale=(1.00, 1.00, 1.00)
  Visual (0.00, 0.00, 0.00) rot=(0.00, 0.00, 0.00) scale=(1.00, 1.00, 1.00)
  Armature (0.00, 0.00, 0.00) rot=(270.00, 0.00, 0.00) scale=(1.00, 1.00, 1.00)
  Hips (-0.01, -0.04, 0.80) rot=(47.03, 80.29, 84.42) scale=(1.00, 1.00, 1.00)
  LeftUpLeg (-0.21, -0.07, -0.04) rot=(29.80, 132.77, 199.29) scale=(1.00, 1.00, 1.00)
  LeftLeg (0.00, 0.30, 0.00) rot=(47.89, 329.74, 339.69) scale=(1.00, 1.00, 1.00)
Special t+0 actual=Center: (-0.02, 0.77, 0.10), Extents: (0.29, 0.85, 0.42) root=(0.00, 0.00, 0.00) scale=(1.00, 1.00, 1.00)
Special t+0,1 actual=Center: (-0.02, 0.77, 0.10), Extents: (0.29, 0.85, 0.42) root=(0.00, 0.00, 0.00) scale=(1.00, 1.00, 1.00)
Special t+0,5 actual=Center: (-0.02, 0.77, 0.10), Extents: (0.29, 0.85, 0.42) root=(0.00, 0.00, 0.00) scale=(1.00, 1.00, 1.00)
  Special(Clone) (0.00, 0.00, 0.00) rot=(0.00, 0.00, 0.00) scale=(1.00, 1.00, 1.00)
  Visual (0.00, 0.00, 0.00) rot=(0.00, 0.00, 0.00) scale=(1.00, 1.00, 1.00)
  Armature (0.00, 0.00, 0.00) rot=(270.00, 0.00, 0.00) scale=(1.00, 1.00, 1.00)
  Hips (-0.01, -0.14, 0.88) rot=(308.60, 192.74, 88.99) scale=(1.00, 1.00, 1.00)
  LeftUpLeg (-0.06, -0.05, 0.08) rot=(349.44, 13.73, 86.98) scale=(1.00, 1.00, 1.00)
  LeftLeg (0.00, 0.35, 0.00) rot=(72.06, 177.66, 179.39) scale=(1.00, 1.00, 1.00)
